6033590855
7043006119
6038016778
9102063424
9725719601
2704986499
7156152850
8014525466
2814682051
7758431502
8133358754
7026824677
3364322368
4159993904
9702277430
7205706455
7022173400
7025968337
7025381589
9195999558
2624969553
6086985077
7757208432
7023249827
8015406699
3214807372
8156682285
7024938416
4072577832
6512717237
7024659109
4148019339
2408930967
6147877421
5303860241
9706466886
4145107324
2672184389
6016167122
6308773321
4135529342
9102200835
7043003519
7152927494
4145101757
2525258578
9102328227
5202034055
5039275539
2185763026
7757205019
9802546390
5412068208
6789367027
5015516945
7203640619
4145526493
7192811102
7047470177
8168093292
7204123195
9102472811
7027687316
3128100462
5052174522
2525088816
2629943744
9108086299
8287197485
2629609966
5127503579
7753880696
9703715209
7044253780
7206295581
7202984796
3033964470
7023021189
7025212251
7202983465
3369950120
6619651732
9205303044
7703662933
7026866834
7756710215
9702090118
7864939107
4787192406
3369978775
3364918874
3368475410
9103980465
7152058831
3038981983
9102744590
9209186805
8016377964
6082014988
